clevis:21.02
refpolicy:2.20240916.8
refpolicy:2.20240916.10
