clevis:21.02
refpolicy:2.20240916.11
refpolicy:2.20240916.12
