clevis:21.02
refpolicy:2.20240916.12
refpolicy:2.20240916.13
